#Station            Const      Latitude      Longitude   H(Ortho) h(Ellipse)              X              Y              Z       SD(e)     SD(n)    SD(up)       AHD   AHD err
1000619             FFF   -20.316291533  118.576727769     5.0513     3.5189  -2862249.2343   5254813.7778  -2200568.5522      0.0028    0.0025    0.0062     5.039  -999.000
1002227             FFF   -22.126619533  114.082379011    13.2778    -0.7578  -2412070.7663   5396703.9163  -2387406.5845      0.0022    0.0019    0.0072    13.275  -999.000
100375              FFF   -30.857534383  128.034238428   169.3684   149.5934  -3376551.2480   4316469.2881  -3252421.2616      0.0013    0.0013    0.0034   169.369  -999.000
100384              FFF   -28.179690894  114.510054108   271.8558   250.0941  -2334196.4574   5119545.7805  -2994191.2756      0.0013    0.0012    0.0037   271.861  -999.000
100387              FFF   -31.578329150  117.846458894   329.0848   303.0600  -2540552.7169   4809130.8327  -3320847.8291      0.0012    0.0012    0.0030   329.085  -999.000
100392              FFF   -34.143663542  115.042486833   193.1095   161.0187  -2236861.8142   4787693.4072  -3559737.0380      0.0021    0.0023    0.0066   193.122  -999.000
100393              FFF   -35.078326411  117.621428747   269.8301   237.8499  -2422746.6231   4630068.3976  -3645118.3224      0.0012    0.0012    0.0032   269.827  -999.000
100395              FFF   -34.254341667  115.026443931    40.9571     8.6809  -2232548.6342   4781952.6039  -3569805.8024      0.0022    0.0025    0.0072    40.950  -999.000
100396              FFF   -34.764838950  116.086878542   186.8946   154.7248  -2306610.5193   4711108.4317  -3616554.1241      0.0011    0.0012    0.0029   186.901  -999.000
